[0.0,0.0]
[0.0,0.0]
[0.0,0.0]
[319.43066454283974,239.34532057734216]
[427.7142857142857,473.57142857142856]
[0.0,0.0]
[0.0,0.0]
[0.0,0.0]
[319.451426635966,239.38879860348933]
[426.21666666666664,472.71666666666664]
[0.0,0.0]
[0.0,0.0]
[0.0,0.0]
[319.49860835766674,239.49342265886696]
[0.0,0.0]
[0.0,0.0]
[0.0,0.0]
[0.0,0.0]
[319.49847649306935,239.49008418352398]
[0.0,0.0]
[0.0,0.0]
[0.0,0.0]
[0.0,0.0]
[319.4983967107341,239.48586012806783]
[0.0,0.0]
[0.0,0.0]
[0.0,0.0]
[0.0,0.0]
[319.4997363229751,239.49555655383895]
[0.0,0.0]
[0.0,0.0]
[0.0,0.0]
[0.0,0.0]
[319.49966307826026,239.4948745576885]
[0.0,0.0]
[317.0,476.0]
[0.0,0.0]
[0.0,0.0]
[319.4996956291037,239.49323710655585]
[0.0,0.0]
[0.0,0.0]
[0.0,0.0]
[0.0,0.0]
[319.5,239.5]
[0.0,0.0]
[519.8561904761905,457.9561904761905]
[0.0,0.0]
[0.0,0.0]
[319.5,239.5]
[0.0,0.0]
[343.1115596330275,451.1897247706422]
[0.0,0.0]
[0.0,0.0]
[319.5,239.5]
[0.0,0.0]
[309.0530877573131,460.7020585048754]
[0.0,0.0]
[0.0,0.0]
[319.5,239.5]
[0.0,0.0]
[308.71858407079645,463.8283185840708]
[0.0,0.0]
[0.0,0.0]
[319.5,239.5]
[0.0,0.0]
[299.8366800535475,457.7670682730924]
[0.0,0.0]
[0.0,0.0]
[319.5,239.5]
[0.0,0.0]
[309.5205104831358,460.4339106654512]
[0.0,0.0]
[0.0,0.0]
[319.5,239.5]
[0.0,0.0]
[308.30706742485785,458.29000812347687]
[0.0,0.0]
[0.0,0.0]
[319.5,239.5]
[0.0,0.0]
[308.2047502047502,458.75921375921376]
[0.0,0.0]
[0.0,0.0]
[319.5,239.5]
[0.0,0.0]
[308.2696994313566,457.75223395613324]
[0.0,0.0]
[0.0,0.0]
[319.5,239.5]
[0.0,0.0]
[307.13082706766914,458.30375939849625]
[0.0,0.0]
[0.0,0.0]
[319.5,239.5]
[0.0,0.0]
